1588257371
30/04/2020 14:36:11
0
7960
62.08735
0
0
0

1588257381
30/04/2020 14:36:21
18.56512
7932
62.29928
6.696354
69.53848
0

1588257391
30/04/2020 14:36:31
19.46661
7833
62.8246
6.098243
70.20847
0

1588257401
30/04/2020 14:36:41
19.95882
7779
63.12623
5.852071
70.44205
0

1588257411
30/04/2020 14:36:51
19.65463
7830
62.82696
6.146243
69.69908
0

1588257421
30/04/2020 14:37:01
19.59347
7834
62.81993
5.849992
69.76337
0

1588257432
30/04/2020 14:37:12
21.75943
7875
62.56375
6.983697
67.16637
0

1588257442
30/04/2020 14:37:22
20.20164
7837
62.79439
6.435379
69.55993
0

